========================================
INSTRUMENT BARCODE LIST (Numeric System)
========================================

Copy and paste these codes into a barcode generator
(recommended: https://barcode.tec-it.com/en)
Use Code 128 format

Notes:
- Each instrument uses a numeric block starting at its hundred (some exceed 3 digits)
- Up to 20 codes per instrument (base .. base+19)

========================================
FLUTE (100–119)
========================================
100
101
102
103
104
105
106
107
108
109
110
111
112
113
114
115
116
117
118
119

========================================
BB CLARINET (200–219)
========================================
200
201
202
203
204
205
206
207
208
209
210
211
212
213
214
215
216
217
218
219

========================================
PICCOLO (300–319)
========================================
300
301
302
303
304
305
306
307
308
309
310
311
312
313
314
315
316
317
318
319

========================================
OBOE (400–419)
========================================
400
401
402
403
404
405
406
407
408
409
410
411
412
413
414
415
416
417
418
419

========================================
BASSOON (500–519)
========================================
500
501
502
503
504
505
506
507
508
509
510
511
512
513
514
515
516
517
518
519

========================================
EB CLARINET (600–619)
========================================
600
601
602
603
604
605
606
607
608
609
610
611
612
613
614
615
616
617
618
619

========================================
ALTO CLARINET (700–719)
========================================
700
701
702
703
704
705
706
707
708
709
710
711
712
713
714
715
716
717
718
719

========================================
BB BASS CLARINET (800–819)
========================================
800
801
802
803
804
805
806
807
808
809
810
811
812
813
814
815
816
817
818
819

========================================
ALTO SAXOPHONE (900–919)
========================================
900
901
902
903
904
905
906
907
908
909
910
911
912
913
914
915
916
917
918
919

========================================
TENOR SAXOPHONE (1000–1019)
========================================
1000
1001
1002
1003
1004
1005
1006
1007
1008
1009
1010
1011
1012
1013
1014
1015
1016
1017
1018
1019

========================================
BARITONE SAXOPHONE (1100–1119)
========================================
1100
1101
1102
1103
1104
1105
1106
1107
1108
1109
1110
1111
1112
1113
1114
1115
1116
1117
1118
1119

========================================
TRUMPET (1200–1219)
========================================
1200
1201
1202
1203
1204
1205
1206
1207
1208
1209
1210
1211
1212
1213
1214
1215
1216
1217
1218
1219

========================================
FRENCH HORN (1300–1319)
========================================
1300
1301
1302
1303
1304
1305
1306
1307
1308
1309
1310
1311
1312
1313
1314
1315
1316
1317
1318
1319

========================================
TROMBONE (1400–1419)
========================================
1400
1401
1402
1403
1404
1405
1406
1407
1408
1409
1410
1411
1412
1413
1414
1415
1416
1417
1418
1419

========================================
EUPHONIUM (1500–1519)
========================================
1500
1501
1502
1503
1504
1505
1506
1507
1508
1509
1510
1511
1512
1513
1514
1515
1516
1517
1518
1519

========================================
TUBA (1600–1619)
========================================
1600
1601
1602
1603
1604
1605
1606
1607
1608
1609
1610
1611
1612
1613
1614
1615
1616
1617
1618
1619

========================================
MELOPHONE (1700–1719)
========================================
1700
1701
1702
1703
1704
1705
1706
1707
1708
1709
1710
1711
1712
1713
1714
1715
1716
1717
1718
1719

========================================
MARCHING TROMBONE (1800–1819)
========================================
1800
1801
1802
1803
1804
1805
1806
1807
1808
1809
1810
1811
1812
1813
1814
1815
1816
1817
1818
1819

========================================
MARCHING BARITONE (1900–1919)
========================================
1900
1901
1902
1903
1904
1905
1906
1907
1908
1909
1910
1911
1912
1913
1914
1915
1916
1917
1918
1919

========================================
SOUSAPHONE (2000–2019)
========================================
2000
2001
2002
2003
2004
2005
2006
2007
2008
2009
2010
2011
2012
2013
2014
2015
2016
2017
2018
2019
